53 11 2
0.16 0.16 0.18 0.92 0.92 0.0 0.0 0.0 0.0 0.66 0.46 
0.6857143 0.045454547
0.18 0.0 0.0 0.82 0.82 0.0 0.0 0.0 0.0 0.62 0.34 
0.5714286 0.13636364
0.18 0.0 0.0 0.86 0.86 0.0 0.0 0.0 0.0 0.84 0.42 
0.62857145 0.13636364
0.16 0.0 0.0 0.68 0.68 0.0 0.0 0.0 0.0 0.44 0.28 
0.51428574 0.18181819
0.18 0.0 0.0 0.68 0.68 0.0 0.0 0.0 0.0 0.46 0.34 
0.54285717 0.18181819
0.18 0.0 0.0 0.84 0.84 0.0 0.0 0.0 0.0 0.62 0.26 
0.62857145 0.18181819
0.18 0.0 0.0 0.88 0.88 0.0 0.0 0.0 0.0 0.76 0.28 
0.62857145 0.22727273
0.18 0.0 0.0 0.84 0.86 0.0 0.0 0.0 0.0 0.66 0.42 
0.6 0.27272728
0.26 0.0 0.0 0.52 0.52 0.22 0.0 0.0 0.0 0.42 0.0 
0.54285717 0.3181818
0.26 0.0 0.0 0.66 0.74 0.0 0.0 0.0 0.0 0.58 0.36 
0.6 0.3181818
0.44 0.0 0.94 0.0 0.0 0.0 0.0 0.0 0.0 0.0 0.18 
0.37142858 0.36363637
0.48 0.0 0.0 0.0 0.0 0.0 0.0 0.0 0.0 0.0 0.0 
0.42857143 0.36363637
0.5 0.0 0.0 0.0 0.0 0.0 0.0 0.0 0.0 0.0 0.0 
0.4857143 0.36363637
0.28 0.0 0.0 0.0 0.0 0.22 0.0 0.2 0.0 0.34 0.0 
0.54285717 0.4090909
0.52 0.0 0.0 0.0 0.0 0.0 0.0 0.0 0.0 0.0 0.0 
0.42857143 0.45454547
0.56 0.2 0.0 0.14 0.0 0.22 0.16 0.2 0.0 1.0 0.0 
0.54285717 0.5
0.66 0.36 0.48 0.0 0.0 0.0 0.0 0.0 0.0 0.0 0.28 
0.22857143 0.54545456
0.72 0.44 0.42 0.0 0.0 0.0 0.0 0.0 0.0 0.0 0.28 
0.2857143 0.54545456
0.68 0.0 0.0 0.0 0.0 0.0 0.0 0.0 0.0 0.0 0.0 
0.42857143 0.54545456
0.6 0.28 0.0 0.42 0.0 0.0 0.0 0.0 0.0 0.0 0.0 
0.6 0.54545456
0.74 0.28 0.0 0.96 0.0 0.0 0.0 0.0 0.0 0.0 0.0 
0.62857145 0.54545456
0.72 0.32 0.34 0.0 0.0 0.24 0.0 0.2 0.0 0.0 0.0 
0.37142858 0.59090906
0.78 0.16 0.18 0.9 0.9 0.0 0.0 0.0 0.0 0.7 0.44 
0.42857143 0.59090906
0.84 0.16 0.18 0.9 0.9 0.0 0.0 0.0 0.0 0.7 0.44 
0.51428574 0.59090906
0.74 0.2 0.0 0.14 0.0 0.22 0.16 0.2 0.0 0.0 0.0 
0.54285717 0.59090906
0.76 0.28 0.0 0.34 0.42 0.0 0.0 0.0 0.0 0.0 0.0 
0.6 0.59090906
0.8 0.88 0.56 0.0 0.0 0.24 0.0 0.2 0.0 0.0 1.0 
0.34285715 0.6363636
1.0 0.0 0.88 0.0 0.0 0.0 0.0 0.0 0.0 0.0 0.8 
0.42857143 0.6363636
0.58 0.28 0.0 0.34 0.42 0.0 0.0 0.0 0.0 0.0 0.0 
0.6 0.6363636
0.86 0.5 0.64 0.0 0.0 0.0 0.0 1.0 0.0 0.0 0.18 
0.2857143 0.6818182
0.76 0.74 0.7 0.0 0.0 0.0 0.0 0.2 0.0 0.0 0.18 
0.31428573 0.6818182
1.0 0.0 0.3 0.0 0.0 0.0 0.0 0.0 0.0 0.0 0.18 
0.42857143 0.6818182
0.92 0.0 0.3 0.0 0.0 0.0 0.0 0.0 0.0 0.0 0.18 
0.45714286 0.6818182
0.56 0.28 0.0 0.34 0.42 1.0 0.0 0.0 0.0 0.0 0.0 
0.6 0.6818182
0.58 0.0 0.0 0.34 0.42 0.2 0.0 0.0 0.0 0.0 0.0 
0.62857145 0.6818182
0.48 0.0 0.0 0.34 0.42 0.2 0.0 0.0 0.0 0.0 0.0 
0.6571429 0.6818182
0.88 0.46 0.46 0.0 0.0 0.0 0.0 0.0 0.0 0.0 0.28 
0.37142858 0.72727275
1.0 0.32 0.24 0.0 0.0 0.24 0.0 0.2 0.0 0.0 0.0 
0.42857143 0.72727275
1.0 0.32 0.24 0.0 0.0 0.24 0.0 0.22 0.0 0.0 0.0 
0.45714286 0.72727275
0.72 0.0 0.0 0.16 0.26 0.18 0.24 0.18 0.28 0.0 0.0 
0.6 0.72727275
0.58 0.0 0.0 0.26 0.26 0.18 0.0 0.0 0.0 0.0 0.0 
0.62857145 0.72727275
0.88 1.0 0.0 0.16 0.0 0.18 0.24 0.18 0.28 0.0 0.0 
0.5714286 0.77272725
0.92 0.46 0.46 0.0 0.0 0.0 0.0 0.0 0.0 0.0 0.28 
0.37142858 0.8181818
1.0 0.32 0.26 0.0 0.0 0.44 0.0 0.22 0.0 0.0 0.0 
0.45714286 0.8181818
0.94 0.2 0.0 0.14 0.0 0.24 0.16 0.2 1.0 0.0 0.0 
0.54285717 0.8181818
0.82 0.2 0.0 0.14 0.0 0.14 0.16 0.22 0.28 0.0 0.0 
0.5714286 0.8181818
0.64 0.0 0.0 0.26 0.26 0.16 0.0 0.0 0.0 0.0 0.0 
0.6571429 0.8181818
0.62 0.0 0.0 0.2 0.26 0.18 0.0 0.18 0.88 0.0 0.0 
0.6857143 0.8181818
1.0 0.0 0.3 0.0 0.0 0.42 0.0 0.0 0.0 0.0 0.18 
0.42857143 0.8636364
0.8 0.2 0.0 0.14 0.0 0.22 0.16 0.24 0.28 0.0 0.0 
0.5714286 0.8636364
0.64 0.0 0.0 0.16 0.26 0.18 0.84 0.18 0.28 0.0 0.0 
0.6857143 0.8636364
0.72 0.5 0.5 0.0 0.0 0.0 0.0 0.0 0.0 0.0 0.14 
0.2857143 0.90909094
0.76 0.52 0.5 0.0 0.0 0.0 0.0 0.0 0.0 0.0 0.2 
0.37142858 0.90909094